1.03
3.07
2.79
3.05
3.05
2.96
3.04
3.03
3.01
3.01
3.11
1.03
3.15
3.21
3.25
3.27
3.29
3.24
3.22
3.22
3.15
1.03
3.17
3.24
3.27
3.27
3.32
3.30
3.30
3.28
3.26
3.27
3.15
1.03
3.11
3.13
3.20
3.25
3.24
3.23
3.22
3.22
3.22
3.21
3.12
1.03
2.66
3.27
3.30
3.35
3.38
3.37
3.37
3.36
3.32
3.35
2.66
1.03
3.35
3.38
3.42
3.45
3.58
3.56
3.54
3.53
3.14
3.52
3.35
1.03
3.31
3.45
3.49
3.52
3.61
3.56
3.55
3.54
3.52
3.52
3.52
3.52
3.39
1.03
3.37
3.39
3.43
3.46
3.55
3.51
3.52
3.52
3.50
3.50
3.49
3.35
1.03
3.38
3.42
3.47
