1.0269
1.5390
1.8210
2.0381
2.1971
2.3054
2.3997
2.4762
2.5398
2.5934
2.6369
2.4731
2.5223
2.5714
2.6159
2.6560
2.6898
2.7218
2.7511
2.7782
2.7851
2.6551
2.6712
2.6808
2.6917
2.7020
2.7115
2.7210
2.7309
2.7456
2.8545
2.8557
2.8555
2.7246
2.7203
2.7204
2.7209
2.7213
2.7219
2.7281
2.8417
2.8397
2.8395
2.8387
2.8363
2.6706
2.6457
2.6513
2.6588
2.6665
2.6723
2.6859
2.7999
2.8079
2.8149
2.8245
2.8348
2.6955
2.7053
2.7211
2.7363
2.7509
2.7669
2.7879
2.9280
2.9354
2.9283
2.9374
2.9453
2.8350
2.8367
2.8455
2.8548
2.8651
2.8756
2.9112
3.0441
3.0453
3.0469
3.0486
3.0518
3.0553
3.0550
2.9143
2.9112
2.9126
2.9261
2.9348
3.0344
3.0328
3.0370
3.0377
3.0381
3.0387
3.0394
3.0374
2.8958
2.8926
2.8940
2.8954
